package org.apache.spark.mllib

import org.apache.spark.SparkContext
import org.apache.spark.mllib.linalg.Vectors
import org.apache.spark.mllib.linalg.distributed.{IndexedRow, IndexedRowMatrix}

object dataMatrix {

  def getData(sc: SparkContext):IndexedRowMatrix = {

    val rows = sc.parallelize(Seq(
      (0L, Array(0.0, 4.0, 619.0, 111.0, 710.0, 859.0, 126.0, 805.0, 430.0, 538.0, 257.0, 859.0, 834.0, 739.0, 727.0, 489.0, 235.0, 509.0, 770.0, 717.0, 798.0, 119.0, 429.0, 533.0, 655.0, 28.0, 384.0, 25.0, 781.0, 664.0, 6.0, 893.0, 93.0, 383.0, 102.0, 170.0, 340.0, 608.0, 200.0, 375.0, 35.0, 862.0, 366.0, 466.0, 716.0, 49.0, 505.0, 291.0, 15.0, 264.0)),
      (0L, Array(4.0, 0.0, 615.0, 107.0, 706.0, 855.0, 122.0, 801.0, 426.0, 534.0, 253.0, 855.0, 830.0, 735.0, 723.0, 485.0, 231.0, 505.0, 766.0, 713.0, 794.0, 115.0, 425.0, 529.0, 651.0, 24.0, 380.0, 21.0, 777.0, 660.0, 2.0, 889.0, 89.0, 379.0, 98.0, 166.0, 336.0, 604.0, 196.0, 371.0, 31.0, 858.0, 362.0, 462.0, 712.0, 45.0, 501.0, 287.0, 19.0, 260.0)),
      (0L, Array(619.0, 615.0, 0.0, 508.0, 91.0, 240.0, 493.0, 186.0, 189.0, 81.0, 362.0, 240.0, 215.0, 120.0, 108.0, 130.0, 384.0, 110.0, 151.0, 98.0, 179.0, 500.0, 190.0, 86.0, 36.0, 591.0, 235.0, 594.0, 162.0, 45.0, 613.0, 274.0, 526.0, 236.0, 517.0, 449.0, 279.0, 11.0, 419.0, 244.0, 584.0, 243.0, 253.0, 153.0, 97.0, 570.0, 114.0, 328.0, 634.0, 355.0)),
      (0L, Array(111.0, 107.0, 508.0, 0.0, 599.0, 748.0, 15.0, 694.0, 319.0, 427.0, 146.0, 748.0, 723.0, 628.0, 616.0, 378.0, 124.0, 398.0, 659.0, 606.0, 687.0, 8.0, 318.0, 422.0, 544.0, 83.0, 273.0, 86.0, 670.0, 553.0, 105.0, 782.0, 18.0, 272.0, 9.0, 59.0, 229.0, 497.0, 89.0, 264.0, 76.0, 751.0, 255.0, 355.0, 605.0, 62.0, 394.0, 180.0, 126.0, 153.0)),
      (0L, Array(710.0, 706.0, 91.0, 599.0, 0.0, 149.0, 584.0, 95.0, 280.0, 172.0, 453.0, 149.0, 124.0, 29.0, 17.0, 221.0, 475.0, 201.0, 60.0, 7.0, 88.0, 591.0, 281.0, 177.0, 55.0, 682.0, 326.0, 685.0, 71.0, 46.0, 704.0, 183.0, 617.0, 327.0, 608.0, 540.0, 370.0, 102.0, 510.0, 335.0, 675.0, 152.0, 344.0, 244.0, 6.0, 661.0, 205.0, 419.0, 725.0, 446.0)),
      (0L, Array(859.0, 855.0, 240.0, 748.0, 149.0, 0.0, 733.0, 54.0, 429.0, 321.0, 602.0, 0.0, 25.0, 120.0, 132.0, 370.0, 624.0, 350.0, 89.0, 142.0, 61.0, 740.0, 430.0, 326.0, 204.0, 831.0, 475.0, 834.0, 78.0, 195.0, 853.0, 34.0, 766.0, 476.0, 757.0, 689.0, 519.0, 251.0, 659.0, 484.0, 824.0, 3.0, 493.0, 393.0, 143.0, 810.0, 354.0, 568.0, 874.0, 595.0)),
      (0L, Array(126.0, 122.0, 493.0, 15.0, 584.0, 733.0, 0.0, 679.0, 304.0, 412.0, 131.0, 733.0, 708.0, 613.0, 601.0, 363.0, 109.0, 383.0, 644.0, 591.0, 672.0, 7.0, 303.0, 407.0, 529.0, 98.0, 258.0, 101.0, 655.0, 538.0, 120.0, 767.0, 33.0, 257.0, 24.0, 44.0, 214.0, 482.0, 74.0, 249.0, 91.0, 736.0, 240.0, 340.0, 590.0, 77.0, 379.0, 165.0, 141.0, 138.0)),
      (0L, Array(805.0, 801.0, 186.0, 694.0, 95.0, 54.0, 679.0, 0.0, 375.0, 267.0, 548.0, 54.0, 29.0, 66.0, 78.0, 316.0, 570.0, 296.0, 35.0, 88.0, 7.0, 686.0, 376.0, 272.0, 150.0, 777.0, 421.0, 780.0, 24.0, 141.0, 799.0, 88.0, 712.0, 422.0, 703.0, 635.0, 465.0, 197.0, 605.0, 430.0, 770.0, 57.0, 439.0, 339.0, 89.0, 756.0, 300.0, 514.0, 820.0, 541.0)),
      (0L, Array(430.0, 426.0, 189.0, 319.0, 280.0, 429.0, 304.0, 375.0, 0.0, 108.0, 173.0, 429.0, 404.0, 309.0, 297.0, 59.0, 195.0, 79.0, 340.0, 287.0, 368.0, 311.0, 1.0, 103.0, 225.0, 402.0, 46.0, 405.0, 351.0, 234.0, 424.0, 463.0, 337.0, 47.0, 328.0, 260.0, 90.0, 178.0, 230.0, 55.0, 395.0, 432.0, 64.0, 36.0, 286.0, 381.0, 75.0, 139.0, 445.0, 166.0)),
      (0L, Array(538.0, 534.0, 81.0, 427.0, 172.0, 321.0, 412.0, 267.0, 108.0, 0.0, 281.0, 321.0, 296.0, 201.0, 189.0, 49.0, 303.0, 29.0, 232.0, 179.0, 260.0, 419.0, 109.0, 5.0, 117.0, 510.0, 154.0, 513.0, 243.0, 126.0, 532.0, 355.0, 445.0, 155.0, 436.0, 368.0, 198.0, 70.0, 338.0, 163.0, 503.0, 324.0, 172.0, 72.0, 178.0, 489.0, 33.0, 247.0, 553.0, 274.0)),
      (0L, Array(257.0, 253.0, 362.0, 146.0, 453.0, 602.0, 131.0, 548.0, 173.0, 281.0, 0.0, 602.0, 577.0, 482.0, 470.0, 232.0, 22.0, 252.0, 513.0, 460.0, 541.0, 138.0, 172.0, 276.0, 398.0, 229.0, 127.0, 232.0, 524.0, 407.0, 251.0, 636.0, 164.0, 126.0, 155.0, 87.0, 83.0, 351.0, 57.0, 118.0, 222.0, 605.0, 109.0, 209.0, 459.0, 208.0, 248.0, 34.0, 272.0, 7.0)),
      (0L, Array(859.0, 855.0, 240.0, 748.0, 149.0, 0.0, 733.0, 54.0, 429.0, 321.0, 602.0, 0.0, 25.0, 120.0, 132.0, 370.0, 624.0, 350.0, 89.0, 142.0, 61.0, 740.0, 430.0, 326.0, 204.0, 831.0, 475.0, 834.0, 78.0, 195.0, 853.0, 34.0, 766.0, 476.0, 757.0, 689.0, 519.0, 251.0, 659.0, 484.0, 824.0, 3.0, 493.0, 393.0, 143.0, 810.0, 354.0, 568.0, 874.0, 595.0)),
      (0L, Array(834.0, 830.0, 215.0, 723.0, 124.0, 25.0, 708.0, 29.0, 404.0, 296.0, 577.0, 25.0, 0.0, 95.0, 107.0, 345.0, 599.0, 325.0, 64.0, 117.0, 36.0, 715.0, 405.0, 301.0, 179.0, 806.0, 450.0, 809.0, 53.0, 170.0, 828.0, 59.0, 741.0, 451.0, 732.0, 664.0, 494.0, 226.0, 634.0, 459.0, 799.0, 28.0, 468.0, 368.0, 118.0, 785.0, 329.0, 543.0, 849.0, 570.0)),
      (0L, Array(739.0, 735.0, 120.0, 628.0, 29.0, 120.0, 613.0, 66.0, 309.0, 201.0, 482.0, 120.0, 95.0, 0.0, 12.0, 250.0, 504.0, 230.0, 31.0, 22.0, 59.0, 620.0, 310.0, 206.0, 84.0, 711.0, 355.0, 714.0, 42.0, 75.0, 733.0, 154.0, 646.0, 356.0, 637.0, 569.0, 399.0, 131.0, 539.0, 364.0, 704.0, 123.0, 373.0, 273.0, 23.0, 690.0, 234.0, 448.0, 754.0, 475.0)),
      (0L, Array(727.0, 723.0, 108.0, 616.0, 17.0, 132.0, 601.0, 78.0, 297.0, 189.0, 470.0, 132.0, 107.0, 12.0, 0.0, 238.0, 492.0, 218.0, 43.0, 10.0, 71.0, 608.0, 298.0, 194.0, 72.0, 699.0, 343.0, 702.0, 54.0, 63.0, 721.0, 166.0, 634.0, 344.0, 625.0, 557.0, 387.0, 119.0, 527.0, 352.0, 692.0, 135.0, 361.0, 261.0, 11.0, 678.0, 222.0, 436.0, 742.0, 463.0)),
      (0L, Array(489.0, 485.0, 130.0, 378.0, 221.0, 370.0, 363.0, 316.0, 59.0, 49.0, 232.0, 370.0, 345.0, 250.0, 238.0, 0.0, 254.0, 20.0, 281.0, 228.0, 309.0, 370.0, 60.0, 44.0, 166.0, 461.0, 105.0, 464.0, 292.0, 175.0, 483.0, 404.0, 396.0, 106.0, 387.0, 319.0, 149.0, 119.0, 289.0, 114.0, 454.0, 373.0, 123.0, 23.0, 227.0, 440.0, 16.0, 198.0, 504.0, 225.0)),
      (0L, Array(235.0, 231.0, 384.0, 124.0, 475.0, 624.0, 109.0, 570.0, 195.0, 303.0, 22.0, 624.0, 599.0, 504.0, 492.0, 254.0, 0.0, 274.0, 535.0, 482.0, 563.0, 116.0, 194.0, 298.0, 420.0, 207.0, 149.0, 210.0, 546.0, 429.0, 229.0, 658.0, 142.0, 148.0, 133.0, 65.0, 105.0, 373.0, 35.0, 140.0, 200.0, 627.0, 131.0, 231.0, 481.0, 186.0, 270.0, 56.0, 250.0, 29.0)),
      (0L, Array(509.0, 505.0, 110.0, 398.0, 201.0, 350.0, 383.0, 296.0, 79.0, 29.0, 252.0, 350.0, 325.0, 230.0, 218.0, 20.0, 274.0, 0.0, 261.0, 208.0, 289.0, 390.0, 80.0, 24.0, 146.0, 481.0, 125.0, 484.0, 272.0, 155.0, 503.0, 384.0, 416.0, 126.0, 407.0, 339.0, 169.0, 99.0, 309.0, 134.0, 474.0, 353.0, 143.0, 43.0, 207.0, 460.0, 4.0, 218.0, 524.0, 245.0)),
      (0L, Array(770.0, 766.0, 151.0, 659.0, 60.0, 89.0, 644.0, 35.0, 340.0, 232.0, 513.0, 89.0, 64.0, 31.0, 43.0, 281.0, 535.0, 261.0, 0.0, 53.0, 28.0, 651.0, 341.0, 237.0, 115.0, 742.0, 386.0, 745.0, 11.0, 106.0, 764.0, 123.0, 677.0, 387.0, 668.0, 600.0, 430.0, 162.0, 570.0, 395.0, 735.0, 92.0, 404.0, 304.0, 54.0, 721.0, 265.0, 479.0, 785.0, 506.0)),
      (0L, Array(717.0, 713.0, 98.0, 606.0, 7.0, 142.0, 591.0, 88.0, 287.0, 179.0, 460.0, 142.0, 117.0, 22.0, 10.0, 228.0, 482.0, 208.0, 53.0, 0.0, 81.0, 598.0, 288.0, 184.0, 62.0, 689.0, 333.0, 692.0, 64.0, 53.0, 711.0, 176.0, 624.0, 334.0, 615.0, 547.0, 377.0, 109.0, 517.0, 342.0, 682.0, 145.0, 351.0, 251.0, 1.0, 668.0, 212.0, 426.0, 732.0, 453.0)),
      (0L, Array(798.0, 794.0, 179.0, 687.0, 88.0, 61.0, 672.0, 7.0, 368.0, 260.0, 541.0, 61.0, 36.0, 59.0, 71.0, 309.0, 563.0, 289.0, 28.0, 81.0, 0.0, 679.0, 369.0, 265.0, 143.0, 770.0, 414.0, 773.0, 17.0, 134.0, 792.0, 95.0, 705.0, 415.0, 696.0, 628.0, 458.0, 190.0, 598.0, 423.0, 763.0, 64.0, 432.0, 332.0, 82.0, 749.0, 293.0, 507.0, 813.0, 534.0)),
      (0L, Array(119.0, 115.0, 500.0, 8.0, 591.0, 740.0, 7.0, 686.0, 311.0, 419.0, 138.0, 740.0, 715.0, 620.0, 608.0, 370.0, 116.0, 390.0, 651.0, 598.0, 679.0, 0.0, 310.0, 414.0, 536.0, 91.0, 265.0, 94.0, 662.0, 545.0, 113.0, 774.0, 26.0, 264.0, 17.0, 51.0, 221.0, 489.0, 81.0, 256.0, 84.0, 743.0, 247.0, 347.0, 597.0, 70.0, 386.0, 172.0, 134.0, 145.0)),
      (0L, Array(429.0, 425.0, 190.0, 318.0, 281.0, 430.0, 303.0, 376.0, 1.0, 109.0, 172.0, 430.0, 405.0, 310.0, 298.0, 60.0, 194.0, 80.0, 341.0, 288.0, 369.0, 310.0, 0.0, 104.0, 226.0, 401.0, 45.0, 404.0, 352.0, 235.0, 423.0, 464.0, 336.0, 46.0, 327.0, 259.0, 89.0, 179.0, 229.0, 54.0, 394.0, 433.0, 63.0, 37.0, 287.0, 380.0, 76.0, 138.0, 444.0, 165.0)),
      (0L, Array(533.0, 529.0, 86.0, 422.0, 177.0, 326.0, 407.0, 272.0, 103.0, 5.0, 276.0, 326.0, 301.0, 206.0, 194.0, 44.0, 298.0, 24.0, 237.0, 184.0, 265.0, 414.0, 104.0, 0.0, 122.0, 505.0, 149.0, 508.0, 248.0, 131.0, 527.0, 360.0, 440.0, 150.0, 431.0, 363.0, 193.0, 75.0, 333.0, 158.0, 498.0, 329.0, 167.0, 67.0, 183.0, 484.0, 28.0, 242.0, 548.0, 269.0)),
      (0L, Array(655.0, 651.0, 36.0, 544.0, 55.0, 204.0, 529.0, 150.0, 225.0, 117.0, 398.0, 204.0, 179.0, 84.0, 72.0, 166.0, 420.0, 146.0, 115.0, 62.0, 143.0, 536.0, 226.0, 122.0, 0.0, 627.0, 271.0, 630.0, 126.0, 9.0, 649.0, 238.0, 562.0, 272.0, 553.0, 485.0, 315.0, 47.0, 455.0, 280.0, 620.0, 207.0, 289.0, 189.0, 61.0, 606.0, 150.0, 364.0, 670.0, 391.0)),
      (0L, Array(28.0, 24.0, 591.0, 83.0, 682.0, 831.0, 98.0, 777.0, 402.0, 510.0, 229.0, 831.0, 806.0, 711.0, 699.0, 461.0, 207.0, 481.0, 742.0, 689.0, 770.0, 91.0, 401.0, 505.0, 627.0, 0.0, 356.0, 3.0, 753.0, 636.0, 22.0, 865.0, 65.0, 355.0, 74.0, 142.0, 312.0, 580.0, 172.0, 347.0, 7.0, 834.0, 338.0, 438.0, 688.0, 21.0, 477.0, 263.0, 43.0, 236.0)),
      (0L, Array(384.0, 380.0, 235.0, 273.0, 326.0, 475.0, 258.0, 421.0, 46.0, 154.0, 127.0, 475.0, 450.0, 355.0, 343.0, 105.0, 149.0, 125.0, 386.0, 333.0, 414.0, 265.0, 45.0, 149.0, 271.0, 356.0, 0.0, 359.0, 397.0, 280.0, 378.0, 509.0, 291.0, 1.0, 282.0, 214.0, 44.0, 224.0, 184.0, 9.0, 349.0, 478.0, 18.0, 82.0, 332.0, 335.0, 121.0, 93.0, 399.0, 120.0)),
      (0L, Array(25.0, 21.0, 594.0, 86.0, 685.0, 834.0, 101.0, 780.0, 405.0, 513.0, 232.0, 834.0, 809.0, 714.0, 702.0, 464.0, 210.0, 484.0, 745.0, 692.0, 773.0, 94.0, 404.0, 508.0, 630.0, 3.0, 359.0, 0.0, 756.0, 639.0, 19.0, 868.0, 68.0, 358.0, 77.0, 145.0, 315.0, 583.0, 175.0, 350.0, 10.0, 837.0, 341.0, 441.0, 691.0, 24.0, 480.0, 266.0, 40.0, 239.0)),
      (0L, Array(781.0, 777.0, 162.0, 670.0, 71.0, 78.0, 655.0, 24.0, 351.0, 243.0, 524.0, 78.0, 53.0, 42.0, 54.0, 292.0, 546.0, 272.0, 11.0, 64.0, 17.0, 662.0, 352.0, 248.0, 126.0, 753.0, 397.0, 756.0, 0.0, 117.0, 775.0, 112.0, 688.0, 398.0, 679.0, 611.0, 441.0, 173.0, 581.0, 406.0, 746.0, 81.0, 415.0, 315.0, 65.0, 732.0, 276.0, 490.0, 796.0, 517.0)),
      (0L, Array(664.0, 660.0, 45.0, 553.0, 46.0, 195.0, 538.0, 141.0, 234.0, 126.0, 407.0, 195.0, 170.0, 75.0, 63.0, 175.0, 429.0, 155.0, 106.0, 53.0, 134.0, 545.0, 235.0, 131.0, 9.0, 636.0, 280.0, 639.0, 117.0, 0.0, 658.0, 229.0, 571.0, 281.0, 562.0, 494.0, 324.0, 56.0, 464.0, 289.0, 629.0, 198.0, 298.0, 198.0, 52.0, 615.0, 159.0, 373.0, 679.0, 400.0)),
      (0L, Array(6.0, 2.0, 613.0, 105.0, 704.0, 853.0, 120.0, 799.0, 424.0, 532.0, 251.0, 853.0, 828.0, 733.0, 721.0, 483.0, 229.0, 503.0, 764.0, 711.0, 792.0, 113.0, 423.0, 527.0, 649.0, 22.0, 378.0, 19.0, 775.0, 658.0, 0.0, 887.0, 87.0, 377.0, 96.0, 164.0, 334.0, 602.0, 194.0, 369.0, 29.0, 856.0, 360.0, 460.0, 710.0, 43.0, 499.0, 285.0, 21.0, 258.0)),
      (0L, Array(893.0, 889.0, 274.0, 782.0, 183.0, 34.0, 767.0, 88.0, 463.0, 355.0, 636.0, 34.0, 59.0, 154.0, 166.0, 404.0, 658.0, 384.0, 123.0, 176.0, 95.0, 774.0, 464.0, 360.0, 238.0, 865.0, 509.0, 868.0, 112.0, 229.0, 887.0, 0.0, 800.0, 510.0, 791.0, 723.0, 553.0, 285.0, 693.0, 518.0, 858.0, 31.0, 527.0, 427.0, 177.0, 844.0, 388.0, 602.0, 908.0, 629.0)),
      (0L, Array(93.0, 89.0, 526.0, 18.0, 617.0, 766.0, 33.0, 712.0, 337.0, 445.0, 164.0, 766.0, 741.0, 646.0, 634.0, 396.0, 142.0, 416.0, 677.0, 624.0, 705.0, 26.0, 336.0, 440.0, 562.0, 65.0, 291.0, 68.0, 688.0, 571.0, 87.0, 800.0, 0.0, 290.0, 9.0, 77.0, 247.0, 515.0, 107.0, 282.0, 58.0, 769.0, 273.0, 373.0, 623.0, 44.0, 412.0, 198.0, 108.0, 171.0)),
      (0L, Array(383.0, 379.0, 236.0, 272.0, 327.0, 476.0, 257.0, 422.0, 47.0, 155.0, 126.0, 476.0, 451.0, 356.0, 344.0, 106.0, 148.0, 126.0, 387.0, 334.0, 415.0, 264.0, 46.0, 150.0, 272.0, 355.0, 1.0, 358.0, 398.0, 281.0, 377.0, 510.0, 290.0, 0.0, 281.0, 213.0, 43.0, 225.0, 183.0, 8.0, 348.0, 479.0, 17.0, 83.0, 333.0, 334.0, 122.0, 92.0, 398.0, 119.0)),
      (0L, Array(102.0, 98.0, 517.0, 9.0, 608.0, 757.0, 24.0, 703.0, 328.0, 436.0, 155.0, 757.0, 732.0, 637.0, 625.0, 387.0, 133.0, 407.0, 668.0, 615.0, 696.0, 17.0, 327.0, 431.0, 553.0, 74.0, 282.0, 77.0, 679.0, 562.0, 96.0, 791.0, 9.0, 281.0, 0.0, 68.0, 238.0, 506.0, 98.0, 273.0, 67.0, 760.0, 264.0, 364.0, 614.0, 53.0, 403.0, 189.0, 117.0, 162.0)),
      (0L, Array(170.0, 166.0, 449.0, 59.0, 540.0, 689.0, 44.0, 635.0, 260.0, 368.0, 87.0, 689.0, 664.0, 569.0, 557.0, 319.0, 65.0, 339.0, 600.0, 547.0, 628.0, 51.0, 259.0, 363.0, 485.0, 142.0, 214.0, 145.0, 611.0, 494.0, 164.0, 723.0, 77.0, 213.0, 68.0, 0.0, 170.0, 438.0, 30.0, 205.0, 135.0, 692.0, 196.0, 296.0, 546.0, 121.0, 335.0, 121.0, 185.0, 94.0)),
      (0L, Array(340.0, 336.0, 279.0, 229.0, 370.0, 519.0, 214.0, 465.0, 90.0, 198.0, 83.0, 519.0, 494.0, 399.0, 387.0, 149.0, 105.0, 169.0, 430.0, 377.0, 458.0, 221.0, 89.0, 193.0, 315.0, 312.0, 44.0, 315.0, 441.0, 324.0, 334.0, 553.0, 247.0, 43.0, 238.0, 170.0, 0.0, 268.0, 140.0, 35.0, 305.0, 522.0, 26.0, 126.0, 376.0, 291.0, 165.0, 49.0, 355.0, 76.0)),
      (0L, Array(608.0, 604.0, 11.0, 497.0, 102.0, 251.0, 482.0, 197.0, 178.0, 70.0, 351.0, 251.0, 226.0, 131.0, 119.0, 119.0, 373.0, 99.0, 162.0, 109.0, 190.0, 489.0, 179.0, 75.0, 47.0, 580.0, 224.0, 583.0, 173.0, 56.0, 602.0, 285.0, 515.0, 225.0, 506.0, 438.0, 268.0, 0.0, 408.0, 233.0, 573.0, 254.0, 242.0, 142.0, 108.0, 559.0, 103.0, 317.0, 623.0, 344.0)),
      (0L, Array(200.0, 196.0, 419.0, 89.0, 510.0, 659.0, 74.0, 605.0, 230.0, 338.0, 57.0, 659.0, 634.0, 539.0, 527.0, 289.0, 35.0, 309.0, 570.0, 517.0, 598.0, 81.0, 229.0, 333.0, 455.0, 172.0, 184.0, 175.0, 581.0, 464.0, 194.0, 693.0, 107.0, 183.0, 98.0, 30.0, 140.0, 408.0, 0.0, 175.0, 165.0, 662.0, 166.0, 266.0, 516.0, 151.0, 305.0, 91.0, 215.0, 64.0)),
      (0L, Array(375.0, 371.0, 244.0, 264.0, 335.0, 484.0, 249.0, 430.0, 55.0, 163.0, 118.0, 484.0, 459.0, 364.0, 352.0, 114.0, 140.0, 134.0, 395.0, 342.0, 423.0, 256.0, 54.0, 158.0, 280.0, 347.0, 9.0, 350.0, 406.0, 289.0, 369.0, 518.0, 282.0, 8.0, 273.0, 205.0, 35.0, 233.0, 175.0, 0.0, 340.0, 487.0, 9.0, 91.0, 341.0, 326.0, 130.0, 84.0, 390.0, 111.0)),
      (0L, Array(35.0, 31.0, 584.0, 76.0, 675.0, 824.0, 91.0, 770.0, 395.0, 503.0, 222.0, 824.0, 799.0, 704.0, 692.0, 454.0, 200.0, 474.0, 735.0, 682.0, 763.0, 84.0, 394.0, 498.0, 620.0, 7.0, 349.0, 10.0, 746.0, 629.0, 29.0, 858.0, 58.0, 348.0, 67.0, 135.0, 305.0, 573.0, 165.0, 340.0, 0.0, 827.0, 331.0, 431.0, 681.0, 14.0, 470.0, 256.0, 50.0, 229.0)),
      (0L, Array(862.0, 858.0, 243.0, 751.0, 152.0, 3.0, 736.0, 57.0, 432.0, 324.0, 605.0, 3.0, 28.0, 123.0, 135.0, 373.0, 627.0, 353.0, 92.0, 145.0, 64.0, 743.0, 433.0, 329.0, 207.0, 834.0, 478.0, 837.0, 81.0, 198.0, 856.0, 31.0, 769.0, 479.0, 760.0, 692.0, 522.0, 254.0, 662.0, 487.0, 827.0, 0.0, 496.0, 396.0, 146.0, 813.0, 357.0, 571.0, 877.0, 598.0)),
      (0L, Array(366.0, 362.0, 253.0, 255.0, 344.0, 493.0, 240.0, 439.0, 64.0, 172.0, 109.0, 493.0, 468.0, 373.0, 361.0, 123.0, 131.0, 143.0, 404.0, 351.0, 432.0, 247.0, 63.0, 167.0, 289.0, 338.0, 18.0, 341.0, 415.0, 298.0, 360.0, 527.0, 273.0, 17.0, 264.0, 196.0, 26.0, 242.0, 166.0, 9.0, 331.0, 496.0, 0.0, 100.0, 350.0, 317.0, 139.0, 75.0, 381.0, 102.0)),
      (0L, Array(466.0, 462.0, 153.0, 355.0, 244.0, 393.0, 340.0, 339.0, 36.0, 72.0, 209.0, 393.0, 368.0, 273.0, 261.0, 23.0, 231.0, 43.0, 304.0, 251.0, 332.0, 347.0, 37.0, 67.0, 189.0, 438.0, 82.0, 441.0, 315.0, 198.0, 460.0, 427.0, 373.0, 83.0, 364.0, 296.0, 126.0, 142.0, 266.0, 91.0, 431.0, 396.0, 100.0, 0.0, 250.0, 417.0, 39.0, 175.0, 481.0, 202.0)),
      (0L, Array(716.0, 712.0, 97.0, 605.0, 6.0, 143.0, 590.0, 89.0, 286.0, 178.0, 459.0, 143.0, 118.0, 23.0, 11.0, 227.0, 481.0, 207.0, 54.0, 1.0, 82.0, 597.0, 287.0, 183.0, 61.0, 688.0, 332.0, 691.0, 65.0, 52.0, 710.0, 177.0, 623.0, 333.0, 614.0, 546.0, 376.0, 108.0, 516.0, 341.0, 681.0, 146.0, 350.0, 250.0, 0.0, 667.0, 211.0, 425.0, 731.0, 452.0)),
      (0L, Array(49.0, 45.0, 570.0, 62.0, 661.0, 810.0, 77.0, 756.0, 381.0, 489.0, 208.0, 810.0, 785.0, 690.0, 678.0, 440.0, 186.0, 460.0, 721.0, 668.0, 749.0, 70.0, 380.0, 484.0, 606.0, 21.0, 335.0, 24.0, 732.0, 615.0, 43.0, 844.0, 44.0, 334.0, 53.0, 121.0, 291.0, 559.0, 151.0, 326.0, 14.0, 813.0, 317.0, 417.0, 667.0, 0.0, 456.0, 242.0, 64.0, 215.0)),
      (0L, Array(505.0, 501.0, 114.0, 394.0, 205.0, 354.0, 379.0, 300.0, 75.0, 33.0, 248.0, 354.0, 329.0, 234.0, 222.0, 16.0, 270.0, 4.0, 265.0, 212.0, 293.0, 386.0, 76.0, 28.0, 150.0, 477.0, 121.0, 480.0, 276.0, 159.0, 499.0, 388.0, 412.0, 122.0, 403.0, 335.0, 165.0, 103.0, 305.0, 130.0, 470.0, 357.0, 139.0, 39.0, 211.0, 456.0, 0.0, 214.0, 520.0, 241.0)),
      (0L, Array(291.0, 287.0, 328.0, 180.0, 419.0, 568.0, 165.0, 514.0, 139.0, 247.0, 34.0, 568.0, 543.0, 448.0, 436.0, 198.0, 56.0, 218.0, 479.0, 426.0, 507.0, 172.0, 138.0, 242.0, 364.0, 263.0, 93.0, 266.0, 490.0, 373.0, 285.0, 602.0, 198.0, 92.0, 189.0, 121.0, 49.0, 317.0, 91.0, 84.0, 256.0, 571.0, 75.0, 175.0, 425.0, 242.0, 214.0, 0.0, 306.0, 27.0)),
      (0L, Array(15.0, 19.0, 634.0, 126.0, 725.0, 874.0, 141.0, 820.0, 445.0, 553.0, 272.0, 874.0, 849.0, 754.0, 742.0, 504.0, 250.0, 524.0, 785.0, 732.0, 813.0, 134.0, 444.0, 548.0, 670.0, 43.0, 399.0, 40.0, 796.0, 679.0, 21.0, 908.0, 108.0, 398.0, 117.0, 185.0, 355.0, 623.0, 215.0, 390.0, 50.0, 877.0, 381.0, 481.0, 731.0, 64.0, 520.0, 306.0, 0.0, 279.0)),
      (0L, Array(264.0, 260.0, 355.0, 153.0, 446.0, 595.0, 138.0, 541.0, 166.0, 274.0, 7.0, 595.0, 570.0, 475.0, 463.0, 225.0, 29.0, 245.0, 506.0, 453.0, 534.0, 145.0, 165.0, 269.0, 391.0, 236.0, 120.0, 239.0, 517.0, 400.0, 258.0, 629.0, 171.0, 119.0, 162.0, 94.0, 76.0, 344.0, 64.0, 111.0, 229.0, 598.0, 102.0, 202.0, 452.0, 215.0, 241.0, 27.0, 279.0, 0.0)))
    ).map { case (i, xs) => IndexedRow(i, Vectors.dense(xs)) }

    val indexedRowMatrix = new IndexedRowMatrix(rows, 50L, 50)

    return indexedRowMatrix
  }
}
